# imstats: THELI Pipeline Version: 1.9.5
# imstats: called at 2020-09-18T11:24:22
# imstats: estimating statistics in
# 1800 < x < 2800, 300 < y < 800 within -60000.000000 < pixvalue < 60000.000000
#
# imstats: filename	mode	lquartile	median	uquartile	mean	sigma	min	max	goodpix	goodpix/percent
DARK_0deg_120s.fits	1941.50	1936.00	1942.00	1948.00	1944.34	  9.71	1897.00	40961.00	500000	100.00
DARK_0deg_30s.fits	1937.64	1932.00	1938.00	1944.00	1938.49	  8.43	1889.00	15047.00	500000	100.00
DARK_0deg_60s.fits	1939.21	1933.00	1939.00	1945.00	1940.75	  9.29	1885.00	25794.00	500000	100.00
DARK_-10deg_120s.fits	1941.50	1936.00	1942.00	1947.00	1942.73	  8.22	1897.00	22338.00	500000	100.00
DARK_10deg_120s.fits	1964.87	1958.00	1965.00	1973.00	1971.66	 10.27	1913.00	58947.00	499999	100.00
DARK_-10deg_30s.fits	1940.93	1935.00	1941.00	1947.00	1941.24	  8.86	1896.00	7840.00	500000	100.00
DARK_10deg_30s.fits	1949.34	1943.00	1949.00	1956.00	1951.54	  9.48	1898.00	29934.00	500000	100.00
DARK_-10deg_60s.fits	1940.93	1935.00	1941.00	1947.00	1941.63	  8.86	1894.00	12898.00	500000	100.00
DARK_10deg_60s.fits	1952.19	1946.00	1952.00	1959.00	1956.02	  9.25	1892.00	43297.00	500000	100.00
DARK_-2deg_120s.fits	1940.64	1935.00	1941.00	1947.00	1943.21	  8.43	1899.00	38356.00	500000	100.00
DARK_2deg_120s.fits	1943.21	1937.00	1943.00	1949.00	1946.73	  9.29	1896.00	55371.00	500000	100.00
DARK_-2deg_30s.fits	1937.93	1932.00	1938.00	1944.00	1938.75	  8.86	1889.00	13227.00	500000	100.00
DARK_2deg_30s.fits	1938.00	1932.00	1938.00	1944.00	1938.98	  8.97	1884.00	16988.00	500000	100.00
DARK_-2deg_60s.fits	1938.93	1933.00	1939.00	1945.00	1940.01	  8.86	1894.00	22151.00	500000	100.00
DARK_2deg_60s.fits	1940.00	1934.00	1940.00	1946.00	1941.85	  8.97	1893.00	30211.00	500000	100.00
DARK_-4deg_120s.fits	1940.07	1934.00	1940.00	1946.00	1942.14	  9.07	1895.00	34494.00	500000	100.00
DARK_4deg_120s.fits	1945.50	1939.00	1946.00	1952.00	1949.80	  9.71	1893.00	44370.00	499999	100.00
DARK_-4deg_30s.fits	1938.24	1933.00	1938.00	1944.00	1938.97	  7.83	1890.00	11622.00	500000	100.00
DARK_4deg_30s.fits	1938.43	1932.00	1938.00	1944.00	1939.49	  9.61	1894.00	18818.00	500000	100.00
DARK_-4deg_60s.fits	1939.00	1933.00	1939.00	1945.00	1939.86	  8.97	1893.00	18882.00	500000	100.00
DARK_4deg_60s.fits	1941.27	1935.00	1941.00	1948.00	1943.43	  9.37	1893.00	34141.00	500000	100.00
DARK_-6deg_120s.fits	1940.07	1934.00	1940.00	1946.00	1941.88	  9.07	1883.00	30650.00	500000	100.00
DARK_6deg_120s.fits	1950.27	1944.00	1950.00	1957.00	1955.05	  9.37	1904.00	48596.00	499999	100.00
DARK_-6deg_30s.fits	1938.76	1933.00	1939.00	1944.00	1939.16	  8.61	1889.00	10382.00	500000	100.00
DARK_6deg_30s.fits	1940.07	1934.00	1940.00	1946.00	1941.53	  9.07	1895.00	22143.00	500000	100.00
DARK_-6deg_60s.fits	1939.37	1934.00	1939.00	1945.00	1940.33	  8.02	1892.00	16765.00	500000	100.00
DARK_6deg_60s.fits	1943.50	1937.00	1944.00	1950.00	1946.10	  9.71	1897.00	39460.00	500000	100.00
DARK_-8deg_120s.fits	1940.43	1935.00	1940.00	1946.00	1942.00	  8.12	1886.00	26371.00	500000	100.00
DARK_8deg_120s.fits	1956.67	1950.00	1957.00	1964.00	1962.59	  9.96	1902.00	53973.00	499999	100.00
DARK_-8deg_30s.fits	1939.50	1934.00	1939.50	1945.00	1939.73	  8.22	1895.00	9144.00	500000	100.00
DARK_8deg_30s.fits	1942.21	1936.00	1942.00	1948.00	1943.90	  9.29	1896.00	26180.00	500000	100.00
DARK_-8deg_60s.fits	1940.14	1934.00	1940.00	1946.00	1940.93	  9.18	1896.00	14572.00	500000	100.00
DARK_8deg_60s.fits	1946.88	1941.00	1947.00	1954.00	1950.09	 10.29	1897.00	48934.00	500000	100.00
