#Dispersion spectrum for magnitude shift -2.2
#Columns: (time delay) (dispersion function, measured) (dispersion function, fit)


10 0.0880975 0.0883029
10.8 0.0881387 0.0882912
11.6 0.0883112 0.0882837
12.4 0.0881531 0.0882802
13.2 0.0881878 0.0882808
14 0.0882303 0.0882855
14.8 0.0882977 0.0882943
15.6 0.0884149 0.0883072
16.4 0.0883883 0.0883242
17.2 0.0885615 0.0883452
18 0.0885847 0.0883704
18.8 0.0886159 0.0883996
19.6 0.0886108 0.0884329
20.4 0.0885836 0.0884703
21.2 0.0887326 0.0885118
22 0.0887305 0.0885574
22.8 0.0887255 0.0886071
23.6 0.0887434 0.0886609
24.4 0.0887147 0.0887187
25.2 0.0887605 0.0887807
26 0.0885801 0.0888467
26.8 0.0885872 0.0889168
27.6 0.0887363 0.088991
28.4 0.0884846 0.0890693
29.2 0.0885413 0.0891517
30 0.0885645 0.0892382
30.8 0.088576 0.0893287
31.6 0.0901826 0.0894234
32.4 0.0902814 0.0895221
33.2 0.0901178 0.089625
34 0.0902782 0.0897319
34.8 0.0903184 0.0898429
35.6 0.0902481 0.089958
36.4 0.0902333 0.0900772
37.2 0.0903912 0.0902005
38 0.0904215 0.0903278
38.8 0.0904561 0.0904593
39.6 0.0904249 0.0905948
40.4 0.0904747 0.0907344
41.2 0.0904773 0.0908782
42 0.0906366 0.091026
42.8 0.0906403 0.0911779
43.6 0.090573 0.0913338
44.4 0.0906686 0.0914939
45.2 0.0923747 0.0916581
46 0.0923973 0.0918263
46.8 0.0923847 0.0919987
47.6 0.0924403 0.0921751
48.4 0.0924885 0.0923556
49.2 0.0924455 0.0925402
