#Dispersion spectrum for magnitude shift -1.5
#Columns: (time delay) (dispersion function, measured) (dispersion function, fit)


10 0.0409842 0.0411187
10.8 0.0410124 0.0411164
11.6 0.0411303 0.041116
12.4 0.0410225 0.0411175
13.2 0.0410459 0.041121
14 0.0410748 0.0411263
14.8 0.0411206 0.0411336
15.6 0.0412005 0.0411428
16.4 0.0411819 0.041154
17.2 0.0412996 0.041167
18 0.0413155 0.041182
18.8 0.0413366 0.0411988
19.6 0.0413325 0.0412176
20.4 0.0413139 0.0412383
21.2 0.0414161 0.041261
22 0.0414145 0.0412855
22.8 0.0414111 0.041312
23.6 0.0414226 0.0413404
24.4 0.0414031 0.0413707
25.2 0.0414342 0.0414029
26 0.0413105 0.041437
26.8 0.0413154 0.0414731
27.6 0.0414171 0.0415111
28.4 0.0412453 0.041551
29.2 0.0412842 0.0415928
30 0.0413002 0.0416365
30.8 0.0413081 0.0416821
31.6 0.0420498 0.0417297
32.4 0.042117 0.0417792
33.2 0.0420048 0.0418306
34 0.0421146 0.0418839
34.8 0.0421421 0.0419391
35.6 0.0420943 0.0419963
36.4 0.0420847 0.0420553
37.2 0.042193 0.0421163
38 0.0422136 0.0421792
38.8 0.042237 0.0422441
39.6 0.0422155 0.0423108
40.4 0.0422493 0.0423795
41.2 0.0422511 0.04245
42 0.0423598 0.0425225
42.8 0.0423624 0.0425969
43.6 0.0423165 0.0426733
44.4 0.0423822 0.0427515
45.2 0.0431782 0.0428317
46 0.0431938 0.0429137
46.8 0.0431851 0.0429977
47.6 0.043223 0.0430837
48.4 0.0432558 0.0431715
49.2 0.0432267 0.0432613
