#Dispersion spectrum for magnitude shift -1.4
#Columns: (time delay) (dispersion function, measured) (dispersion function, fit)


10 0.0357083 0.0358331
10.8 0.0357346 0.0358317
11.6 0.0358447 0.0358319
12.4 0.0357442 0.0358339
13.2 0.0357659 0.0358375
14 0.0357929 0.0358428
14.8 0.0358355 0.0358497
15.6 0.0359102 0.0358584
16.4 0.0358927 0.0358687
17.2 0.0360025 0.0358807
18 0.0360173 0.0358943
18.8 0.036037 0.0359097
19.6 0.036033 0.0359267
20.4 0.0360157 0.0359454
21.2 0.0361111 0.0359657
22 0.0361096 0.0359877
22.8 0.0361064 0.0360115
23.6 0.036117 0.0360368
24.4 0.0360988 0.0360639
25.2 0.0361279 0.0360926
26 0.0360123 0.036123
26.8 0.0360169 0.0361551
27.6 0.0361117 0.0361889
28.4 0.0359514 0.0362243
29.2 0.0359877 0.0362614
30 0.0360027 0.0363002
30.8 0.03601 0.0363406
31.6 0.0366551 0.0363827
32.4 0.0367178 0.0364265
33.2 0.036613 0.036472
34 0.0367156 0.0365192
34.8 0.0367412 0.036568
35.6 0.0366966 0.0366185
36.4 0.0366878 0.0366707
37.2 0.036789 0.0367245
38 0.0368083 0.03678
38.8 0.03683 0.0368372
39.6 0.0368099 0.0368961
40.4 0.0368415 0.0369566
41.2 0.0368431 0.0370189
42 0.0369446 0.0370828
42.8 0.036947 0.0371483
43.6 0.0369042 0.0372156
44.4 0.0369657 0.0372845
45.2 0.0376596 0.0373551
46 0.0376741 0.0374273
46.8 0.037666 0.0375013
47.6 0.0377014 0.0375769
48.4 0.0377319 0.0376542
49.2 0.0377049 0.0377331
