#Dispersion spectrum for magnitude shift 1.4
#Columns: (time delay) (dispersion function, measured) (dispersion function, fit)


10 0.035619 0.035522
10.8 0.0355929 0.0355003
11.6 0.0354846 0.0354802
12.4 0.0355856 0.0354617
13.2 0.0355618 0.0354448
14 0.0355345 0.0354296
14.8 0.0354906 0.0354161
15.6 0.0354163 0.0354042
16.4 0.0354309 0.0353939
17.2 0.0353187 0.0353853
18 0.0353043 0.0353783
18.8 0.0352833 0.035373
19.6 0.0352834 0.0353693
20.4 0.0353004 0.0353673
21.2 0.0352086 0.0353669
22 0.0352088 0.0353681
22.8 0.0352121 0.035371
23.6 0.0351973 0.0353756
24.4 0.035216 0.0353817
25.2 0.0351863 0.0353896
26 0.0352976 0.035399
26.8 0.0352933 0.0354101
27.6 0.0351985 0.0354229
28.4 0.0353579 0.0354373
29.2 0.0353228 0.0354533
30 0.035309 0.035471
30.8 0.0353018 0.0354904
31.6 0.0359758 0.0355113
32.4 0.035912 0.0355339
33.2 0.0360127 0.0355582
34 0.0359131 0.0355841
34.8 0.0358878 0.0356117
35.6 0.0359332 0.0356409
36.4 0.0359452 0.0356717
37.2 0.0358479 0.0357042
38 0.0358286 0.0357383
38.8 0.0358053 0.0357741
39.6 0.0358241 0.0358115
40.4 0.0357919 0.0358505
41.2 0.0357901 0.0358912
42 0.0356895 0.0359336
42.8 0.0356873 0.0359776
43.6 0.0357303 0.0360232
44.4 0.0356719 0.0360705
45.2 0.0363453 0.0361194
46 0.0363315 0.03617
46.8 0.036339 0.0362222
47.6 0.036304 0.036276
48.4 0.0362728 0.0363315
49.2 0.0363014 0.0363887
