#Dispersion spectrum for magnitude shift 0.6
#Columns: (time delay) (dispersion function, measured) (dispersion function, fit)


10 0.00655358 0.00651038
10.8 0.00654249 0.00650335
11.6 0.0064966 0.00649664
12.4 0.00653997 0.00649025
13.2 0.00652924 0.00648417
14 0.00651743 0.0064784
14.8 0.0064982 0.00647295
15.6 0.00646648 0.00646782
16.4 0.00647192 0.00646301
17.2 0.00642317 0.00645851
18 0.0064171 0.00645432
18.8 0.00640774 0.00645046
19.6 0.00640666 0.00644691
20.4 0.00641388 0.00644367
21.2 0.00637554 0.00644076
22 0.00637525 0.00643815
22.8 0.00637671 0.00643587
23.6 0.00636919 0.0064339
24.4 0.00637731 0.00643225
25.2 0.00636441 0.00643091
26 0.0064109 0.00642989
26.8 0.00640915 0.00642918
27.6 0.00636854 0.00642879
28.4 0.00643654 0.00642872
29.2 0.00642187 0.00642897
30 0.0064163 0.00642953
30.8 0.00641326 0.0064304
31.6 0.00654024 0.0064316
32.4 0.00651257 0.0064331
33.2 0.0065546 0.00643493
34 0.00651275 0.00643707
34.8 0.00650199 0.00643953
35.6 0.00652171 0.0064423
36.4 0.00652774 0.00644539
37.2 0.00648718 0.0064488
38 0.00647887 0.00645252
38.8 0.00646842 0.00645656
39.6 0.00647614 0.00646091
40.4 0.00646217 0.00646558
41.2 0.00646133 0.00647057
42 0.00641851 0.00647587
42.8 0.00641757 0.00648149
43.6 0.00643606 0.00648743
44.4 0.0064119 0.00649368
45.2 0.00653212 0.00650025
46 0.00652644 0.00650713
46.8 0.00652949 0.00651433
47.6 0.00651459 0.00652185
48.4 0.00650103 0.00652968
49.2 0.0065137 0.00653783
