#Dispersion spectrum for magnitude shift -2.4
#Columns: (time delay) (dispersion function, measured) (dispersion function, fit)


10 0.104831 0.105058
10.8 0.104876 0.105043
11.6 0.105064 0.105032
12.4 0.104892 0.105027
13.2 0.10493 0.105026
14 0.104976 0.10503
14.8 0.10505 0.105039
15.6 0.105177 0.105053
16.4 0.105149 0.105071
17.2 0.105338 0.105095
18 0.105363 0.105123
18.8 0.105397 0.105157
19.6 0.105392 0.105195
20.4 0.105362 0.105238
21.2 0.105524 0.105286
22 0.105522 0.105338
22.8 0.105517 0.105396
23.6 0.105536 0.105458
24.4 0.105505 0.105525
25.2 0.105555 0.105598
26 0.105358 0.105675
26.8 0.105366 0.105756
27.6 0.105529 0.105843
28.4 0.105254 0.105935
29.2 0.105316 0.106031
30 0.105341 0.106132
30.8 0.105354 0.106239
31.6 0.107268 0.10635
32.4 0.107376 0.106466
33.2 0.107198 0.106586
34 0.107373 0.106712
34.8 0.107416 0.106842
35.6 0.10734 0.106978
36.4 0.107323 0.107118
37.2 0.107495 0.107263
38 0.107529 0.107413
38.8 0.107566 0.107567
39.6 0.107532 0.107727
40.4 0.107587 0.107892
41.2 0.10759 0.108061
42 0.107763 0.108235
42.8 0.107767 0.108414
43.6 0.107694 0.108598
44.4 0.107798 0.108787
45.2 0.109827 0.10898
46 0.109852 0.109179
46.8 0.109838 0.109382
47.6 0.109899 0.10959
48.4 0.109951 0.109803
49.2 0.109904 0.110021
