#Dispersion spectrum for magnitude shift 2.4
#Columns: (time delay) (dispersion function, measured) (dispersion function, fit)


10 0.104678 0.104525
10.8 0.104633 0.104474
11.6 0.104447 0.104429
12.4 0.10462 0.104388
13.2 0.10458 0.104353
14 0.104533 0.104322
14.8 0.104458 0.104295
15.6 0.104331 0.104274
16.4 0.104357 0.104257
17.2 0.104165 0.104246
18 0.104141 0.104239
18.8 0.104105 0.104237
19.6 0.104107 0.104239
20.4 0.104136 0.104247
21.2 0.103977 0.104259
22 0.103978 0.104276
22.8 0.103984 0.104298
23.6 0.10396 0.104325
24.4 0.103992 0.104356
25.2 0.103941 0.104392
26 0.104133 0.104433
26.8 0.104126 0.104479
27.6 0.103963 0.10453
28.4 0.104237 0.104586
29.2 0.104176 0.104646
30 0.104152 0.104711
30.8 0.10414 0.104781
31.6 0.106103 0.104856
32.4 0.105995 0.104935
33.2 0.106169 0.10502
34 0.105997 0.105109
34.8 0.105953 0.105203
35.6 0.106031 0.105302
36.4 0.10605 0.105405
37.2 0.105882 0.105514
38 0.105849 0.105627
38.8 0.10581 0.105745
39.6 0.105842 0.105868
40.4 0.105787 0.105995
41.2 0.105784 0.106128
42 0.105612 0.106265
42.8 0.105608 0.106407
43.6 0.105681 0.106554
44.4 0.10558 0.106706
45.2 0.107574 0.106862
46 0.10755 0.107023
46.8 0.107563 0.107189
47.6 0.107503 0.10736
48.4 0.10745 0.107536
49.2 0.107498 0.107717
