#Dispersion spectrum for magnitude shift -0.3
#Columns: (time delay) (dispersion function, measured) (dispersion function, fit)


10 0.00167321 0.00169964
10.8 0.00167894 0.00170066
11.6 0.00170324 0.00170179
12.4 0.00168185 0.00170301
13.2 0.00168574 0.00170433
14 0.00169139 0.00170575
14.8 0.00169999 0.00170728
15.6 0.00171614 0.0017089
16.4 0.00171128 0.00171062
17.2 0.00173386 0.00171245
18 0.00173721 0.00171437
18.8 0.00174089 0.0017164
19.6 0.00173851 0.00171852
20.4 0.00173468 0.00172075
21.2 0.00175654 0.00172308
22 0.00175569 0.0017255
22.8 0.00175507 0.00172803
23.6 0.00175571 0.00173066
24.4 0.00175198 0.00173339
25.2 0.00175797 0.00173622
26 0.00173152 0.00173915
26.8 0.00173262 0.00174218
27.6 0.00175298 0.00174531
28.4 0.00171821 0.00174854
29.2 0.00172651 0.00175188
30 0.00173016 0.00175531
30.8 0.00173181 0.00175884
31.6 0.00175861 0.00176248
32.4 0.00177159 0.00176621
33.2 0.00174755 0.00177004
34 0.00177069 0.00177398
34.8 0.00177631 0.00177801
35.6 0.00176709 0.00178215
36.4 0.00176645 0.00178639
37.2 0.00178966 0.00179072
38 0.00179377 0.00179516
38.8 0.00179779 0.0017997
39.6 0.001793 0.00180434
40.4 0.00179952 0.00180908
41.2 0.00179978 0.00181392
42 0.00182193 0.00181886
42.8 0.00182248 0.0018239
43.6 0.0018134 0.00182904
44.4 0.00182776 0.00183428
45.2 0.00186022 0.00183962
46 0.00186365 0.00184507
46.8 0.00186167 0.00185061
47.6 0.00186943 0.00185625
48.4 0.0018757 0.001862
49.2 0.00187049 0.00186784
