#Dispersion spectrum for magnitude shift 0.8
#Columns: (time delay) (dispersion function, measured) (dispersion function, fit)


10 0.0116381 0.0115808
10.8 0.0116233 0.0115707
11.6 0.0115618 0.0115612
12.4 0.0116196 0.0115523
13.2 0.0116056 0.0115439
14 0.0115899 0.011536
14.8 0.0115645 0.0115287
15.6 0.0115221 0.011522
16.4 0.0115298 0.0115157
17.2 0.0114652 0.0115101
18 0.0114571 0.011505
18.8 0.0114448 0.0115004
19.6 0.011444 0.0114964
20.4 0.0114537 0.0114929
21.2 0.011402 0.01149
22 0.0114018 0.0114876
22.8 0.0114037 0.0114858
23.6 0.0113944 0.0114845
24.4 0.0114052 0.0114838
25.2 0.0113881 0.0114836
26 0.0114508 0.011484
26.8 0.0114484 0.0114849
27.6 0.0113942 0.0114863
28.4 0.0114851 0.0114884
29.2 0.0114653 0.0114909
30 0.0114577 0.011494
30.8 0.0114536 0.0114977
31.6 0.0116769 0.0115019
32.4 0.0116402 0.0115066
33.2 0.0116969 0.0115119
34 0.0116406 0.0115178
34.8 0.0116262 0.0115242
35.6 0.0116524 0.0115311
36.4 0.0116599 0.0115386
37.2 0.0116052 0.0115466
38 0.0115941 0.0115552
38.8 0.0115804 0.0115643
39.6 0.0115909 0.011574
40.4 0.0115724 0.0115842
41.2 0.0115713 0.011595
42 0.011514 0.0116063
42.8 0.0115128 0.0116182
43.6 0.0115374 0.0116306
44.4 0.0115047 0.0116436
45.2 0.0117213 0.0116571
46 0.0117136 0.0116712
46.8 0.0117177 0.0116858
47.6 0.0116978 0.011701
48.4 0.0116798 0.0117167
49.2 0.0116965 0.0117329
