#Dispersion spectrum for magnitude shift -0.8
#Columns: (time delay) (dispersion function, measured) (dispersion function, fit)


10 0.0116892 0.0117585
10.8 0.0117042 0.0117601
11.6 0.0117675 0.0117622
12.4 0.0117102 0.011765
13.2 0.0117222 0.0117682
14 0.0117375 0.0117721
14.8 0.0117616 0.0117765
15.6 0.0118043 0.0117815
16.4 0.0117938 0.011787
17.2 0.011856 0.0117931
18 0.0118645 0.0117998
18.8 0.0118755 0.0118071
19.6 0.0118724 0.0118149
20.4 0.0118624 0.0118232
21.2 0.0119177 0.0118322
22 0.0119165 0.0118417
22.8 0.0119148 0.0118518
23.6 0.0119199 0.0118624
24.4 0.0119096 0.0118736
25.2 0.0119261 0.0118854
26 0.0118591 0.0118977
26.8 0.0118618 0.0119106
27.6 0.0119161 0.011924
28.4 0.0118242 0.0119381
29.2 0.0118452 0.0119527
30 0.011854 0.0119678
30.8 0.0118583 0.0119835
31.6 0.0120651 0.0119998
32.4 0.0121007 0.0120167
33.2 0.0120399 0.0120341
34 0.0120992 0.0120521
34.8 0.0121139 0.0120706
35.6 0.0120886 0.0120897
36.4 0.0120842 0.0121094
37.2 0.0121429 0.0121297
38 0.0121539 0.0121505
38.8 0.012166 0.0121719
39.6 0.0121542 0.0121938
40.4 0.0121721 0.0122163
41.2 0.012173 0.0122394
42 0.0122312 0.012263
42.8 0.0122326 0.0122872
43.6 0.0122082 0.012312
44.4 0.012244 0.0123373
45.2 0.0124723 0.0123632
46 0.0124808 0.0123897
46.8 0.012476 0.0124167
47.6 0.0124963 0.0124443
48.4 0.0125136 0.0124725
49.2 0.0124985 0.0125012
