#Dispersion spectrum for magnitude shift -2.3
#Columns: (time delay) (dispersion function, measured) (dispersion function, fit)


10 0.0962825 0.0964985
10.8 0.0963256 0.0964851
11.6 0.0965059 0.0964761
12.4 0.0963406 0.0964716
13.2 0.0963769 0.0964716
14 0.0964214 0.096476
14.8 0.0964918 0.0964849
15.6 0.0966144 0.0964983
16.4 0.0965866 0.0965161
17.2 0.0967677 0.0965384
18 0.096792 0.0965651
18.8 0.0968247 0.0965963
19.6 0.0968194 0.096632
20.4 0.096791 0.0966722
21.2 0.0969466 0.0967168
22 0.0969445 0.0967659
22.8 0.0969393 0.0968194
23.6 0.0969581 0.0968775
24.4 0.096928 0.0969399
25.2 0.096976 0.0970069
26 0.0967874 0.0970783
26.8 0.0967949 0.0971542
27.6 0.0969507 0.0972345
28.4 0.0966876 0.0973193
29.2 0.0967469 0.0974086
30 0.0967711 0.0975023
30.8 0.0967831 0.0976005
31.6 0.0985402 0.0977032
32.4 0.0986435 0.0978104
33.2 0.0984726 0.097922
34 0.0986402 0.098038
34.8 0.0986822 0.0981586
35.6 0.0986087 0.0982836
36.4 0.0985932 0.098413
37.2 0.0987581 0.098547
38 0.0987898 0.0986854
38.8 0.098826 0.0988282
39.6 0.0987934 0.0989756
40.4 0.0988455 0.0991273
41.2 0.0988482 0.0992836
42 0.0990147 0.0994443
42.8 0.0990186 0.0996095
43.6 0.0989482 0.0997792
44.4 0.0990482 0.0999533
45.2 0.100912 0.100132
46 0.100936 0.100315
46.8 0.100923 0.100502
47.6 0.100981 0.100694
48.4 0.101031 0.100891
49.2 0.100986 0.101092
