#Dispersion spectrum for magnitude shift 0.2
#Columns: (time delay) (dispersion function, measured) (dispersion function, fit)


10 0.000748165 0.000734711
10.8 0.000744548 0.000732375
11.6 0.000729858 0.000730092
12.4 0.000744447 0.000727863
13.2 0.000740208 0.000725687
14 0.00073616 0.000723564
14.8 0.000729299 0.000721494
15.6 0.000718855 0.000719478
16.4 0.000719719 0.000717515
17.2 0.000702671 0.000715605
18 0.000700786 0.000713749
18.8 0.000697224 0.000711946
19.6 0.00069556 0.000710196
20.4 0.000697869 0.000708499
21.2 0.000686286 0.000706856
22 0.000685747 0.000705266
22.8 0.000686283 0.000703729
23.6 0.000682392 0.000702246
24.4 0.000685244 0.000700816
25.2 0.000680738 0.000699439
26 0.000694812 0.000698115
26.8 0.000694328 0.000696845
27.6 0.000680816 0.000695628
28.4 0.00070314 0.000694464
29.2 0.00069868 0.000693354
30 0.000697209 0.000692297
30.8 0.000696248 0.000691293
31.6 0.00071137 0.000690342
32.4 0.000701763 0.000689445
33.2 0.000714431 0.000688601
34 0.000701463 0.00068781
34.8 0.000697985 0.000687073
35.6 0.000704842 0.000686389
36.4 0.000707905 0.000685758
37.2 0.000695691 0.00068518
38 0.000692898 0.000684656
38.8 0.00068888 0.000684185
39.6 0.000691042 0.000683767
40.4 0.00068618 0.000683403
41.2 0.000685826 0.000683092
42 0.000671882 0.000682834
42.8 0.000671601 0.000682629
43.6 0.000677839 0.000682478
44.4 0.000670805 0.00068238
45.2 0.000682134 0.000682335
46 0.000680508 0.000682344
46.8 0.00068132 0.000682406
47.6 0.000676492 0.000682521
48.4 0.00067174 0.000682689
49.2 0.000676462 0.000682911
